shots	 electron_density:reliability	 cbd	 cb	 breakdown_field	 tb	 electron_temperature_max	 pressure_initial	 tcd	 input_power_mean	 breakdown_voltage	 plasma_life	 breakdown_time	 lb	 electron_density_mean	 ust	 plasma_current_decay	 cst	 tst	 plasma	 electron_confinement_time	 chamber_temperature	 breakdown_rate	 loop_voltage_mean	 pressure_request	 electron_confinement_t98	 zeff	 toroidal_field_mean	 chamber_resistance	 pressure	 chamber_inductance	 toroidal_field_max	 tbd	 input_power_plasma_mean	 breakdown_rate_err	 ubd	 plasma_current_mean	 breakdown_probability	 discharge_aborted	 pressure_chamber	 ucd	 electron_density_equilibrium	 ccd	 loop_voltage_max	 ub	 
29204	  nan	  0.0036	  0.0675	  0.18073	  0.005	  13.689	  0.66563	  0.01	  9887.8	  12.313	  0.00554	  0.012517	  0.0028	  nan	  0	  3.0402e+06	  0.0027	  0.005	  1	  1.996e-05	  27.5	  nan	  11.098	  20	  nan	  3	  0.22796	  0.0097	  22.398	  1.2e-06	  0.29497	  0.005	  8227.2	  nan	  0	  890.95	  94	  nan	  nan	  500	  5.4075e+18	  0.0135	  17.476	  700	 
29205	  nan	  0.0036	  0.0675	  0.18405	  0.005	  11.805	  0.63811	  0.01	  6525.4	  11.957	  0.0051	  0.012609	  0.0028	  nan	  0	  3.7668e+06	  0.0027	  0.005	  1	  2.3356e-05	  27.3	  nan	  11.071	  20	  nan	  3	  0.22784	  0.0097	  22.744	  1.2e-06	  0.29687	  0.005	  6041.5	  nan	  0	  589.4	  94	  nan	  nan	  500	  5.4912e+18	  0.0135	  16.268	  700	 
29206	  nan	  0.0036	  0.0675	  0.17915	  0.005	  14.075	  0.6308	  0.01	  10354	  12.165	  0.00566	  0.012349	  0.0028	  nan	  0	  3.5241e+06	  0.0027	  0.005	  1	  1.9649e-05	  27	  nan	  11.038	  20	  nan	  3	  0.22863	  0.0097	  22.226	  1.2e-06	  0.29659	  0.005	  8552.2	  nan	  0	  938.06	  94	  nan	  nan	  500	  5.3662e+18	  0.0135	  17.953	  700	 
29207	  nan	  0.0036	  0.0675	  0.1858	  0.005	  12.541	  0.62598	  0.01	  5469.8	  12.622	  0.00498	  0.012815	  0.0028	  nan	  0	  2.792e+06	  0.0027	  0.005	  1	  2.2625e-05	  27.2	  nan	  11.85	  20	  nan	  3	  0.22911	  0.0097	  22.744	  1.2e-06	  0.29339	  0.005	  5411.5	  nan	  0	  461.59	  94	  nan	  nan	  500	  5.4912e+18	  0.0135	  16.019	  700	 
29208	  nan	  0.0036	  0.0675	  0.057063	  0.005	  27.901	  0.61173	  0.0061	  18907	  11.367	  0.00714	  0.00805	  0.0028	  nan	  0	  7.617e+06	  0.0027	  0.005	  1	  1.6673e-05	  26.9	  nan	  8.8556	  20	  nan	  3	  0.11343	  0.0097	  17.186	  1.2e-06	  0.208	  0.005	  14752	  nan	  0	  2135	  91	  nan	  nan	  500	  4.1493e+18	  0.0135	  23.974	  500	 
29209	  nan	  0.0036	  0.0675	  0.20683	  0.005	  16.986	  0.35062	  0.009	  15021	  12.447	  0.00694	  0.0111	  0.0028	  nan	  0	  3.6381e+06	  0.0027	  0.005	  1	  2.4317e-05	  26.9	  nan	  11.138	  30	  nan	  3	  0.29398	  0.0097	  31.518	  1.2e-06	  0.40125	  0.005	  12784	  nan	  0	  1348.6	  93	  nan	  nan	  550	  7.6096e+18	  0.0135	  18.987	  1000	 
29210	  nan	  0.0036	  0.0675	  0.17384	  0.005	  22.618	  0.35197	  0.01	  18835	  11.964	  0.00722	  0.01223	  0.0028	  nan	  0	  4.7341e+06	  0.0027	  0.005	  1	  1.2659e-05	  26.8	  nan	  9.7687	  20	  nan	  3	  0.23181	  0.0097	  14.854	  1.2e-06	  0.29265	  0.005	  14418	  nan	  0	  1928.1	  96	  nan	  nan	  500	  3.5862e+18	  0.0135	  21.529	  700	 
29211	  nan	  0.0036	  0.0675	  nan	  0.005	  nan	  0.33101	  0.02	  nan	  nan	  nan	  nan	  0.0028	  nan	  0	  1.6817e+07	  0.0027	  0.005	  0	  nan	  26.5	  nan	  nan	  16	  nan	  3	  nan	  0.0097	  16.35	  1.2e-06	  0.51424	  0.005	  nan	  nan	  0	  nan	  0	  nan	  nan	  100	  nan	  0.0135	  3.9142	  1300	 
29212	  nan	  0.0036	  0.0675	  nan	  0.005	  nan	  0.31249	  0.015	  nan	  nan	  nan	  nan	  0.0028	  nan	  0	  7.6881e+06	  0.0027	  0.005	  0	  nan	  26.6	  nan	  nan	  20	  nan	  3	  nan	  0.0097	  15.984	  1.2e-06	  0.3671	  0.005	  nan	  nan	  0	  nan	  nan	  nan	  nan	  400	  nan	  0.0135	  11.393	  900	 
29213	  nan	  0.0036	  0.0675	  nan	  0.005	  nan	  0.25891	  0.006	  nan	  nan	  nan	  nan	  0.0028	  nan	  0	  4.3472e+05	  0.0027	  0.005	  0	  nan	  26.4	  nan	  nan	  4	  nan	  3	  nan	  0.0097	  1.8337	  1.2e-06	  0.24879	  0.005	  nan	  nan	  0	  nan	  0	  nan	  nan	  500	  nan	  0.0135	  13.643	  600	 
29214	  nan	  0.0036	  0.0675	  nan	  0.005	  nan	  0.24536	  0.015	  nan	  nan	  nan	  nan	  0.0028	  nan	  0	  9.6534e+06	  0.0027	  0.005	  0	  nan	  26.2	  nan	  nan	  20	  nan	  3	  nan	  0.0097	  22.657	  1.2e-06	  0.3691	  0.005	  nan	  nan	  0	  nan	  86	  nan	  nan	  400	  nan	  0.0135	  10.413	  900	 
29215	  nan	  0.0036	  0.0675	  0.32199	  0.005	  15.626	  0.2732	  0.015	  11616	  12.105	  0.00586	  0.017616	  0.0028	  nan	  0	  8.3078e+06	  0.0027	  0.005	  1	  2.1218e-05	  25.9	  nan	  10.212	  20	  nan	  3	  0.35087	  0.0097	  22.484	  1.2e-06	  0.36663	  0.005	  9154.5	  nan	  0	  1137.5	  96	  nan	  nan	  500	  5.4283e+18	  0.0135	  18.027	  900	 
29216	  nan	  0.0036	  0.0675	  0.16207	  0.005	  28.359	  0.2894	  0.0105	  21897	  12.575	  0.0081	  0.013088	  0.0028	  nan	  0	  7.3426e+06	  0.0027	  0.005	  1	  6.9844e-06	  26	  nan	  8.6273	  16	  nan	  3	  0.21063	  0.0097	  7.3019	  1.2e-06	  0.2491	  0.005	  17192	  nan	  0	  2538.1	  93	  nan	  nan	  500	  1.7629e+18	  0.0135	  25.566	  600	 
29217	  nan	  0.0036	  0.0675	  0.30944	  0.005	  20.516	  0.27743	  0.015	  24292	  13.636	  0.00798	  0.017051	  0.0028	  nan	  0	  8.2761e+06	  0.0027	  0.005	  1	  1.2602e-05	  25.8	  nan	  11.883	  20	  nan	  3	  0.34665	  0.0097	  20.902	  1.2e-06	  0.36185	  0.005	  19277	  nan	  0	  2044.2	  98	  nan	  nan	  600	  5.0465e+18	  0.0135	  21.525	  900	 
29218	  nan	  0.0036	  0.0675	  0.31167	  0.005	  24.676	  0.2894	  0.015	  37807	  14.905	  0.00926	  0.016741	  0.0028	  nan	  0	  1.0103e+07	  0.0027	  0.005	  1	  9.6742e-06	  25.6	  nan	  13.314	  20	  nan	  3	  0.35484	  0.0097	  21.637	  1.2e-06	  0.37031	  0.005	  30433	  nan	  0	  2839.7	  98	  nan	  nan	  700	  5.2239e+18	  0.0135	  21.921	  900	 
29219	  nan	  0.0036	  0.0675	  0.12029	  0.005	  23.055	  0.2894	  0.007	  15202	  10.722	  0.00774	  0.009338	  0.0028	  nan	  0	  6.9613e+06	  0.0027	  0.005	  1	  1.834e-05	  25.4	  nan	  8.4595	  20	  nan	  3	  0.20514	  0.0097	  16.539	  1.2e-06	  0.31573	  0.005	  11554	  nan	  0	  1797.1	  93	  nan	  nan	  450	  3.993e+18	  0.0135	  20.586	  750	 
29220	  nan	  0.0036	  0.0675	  0.10794	  0.005	  33.329	  0.27216	  0.007	  29125	  12.105	  0.0101	  0.008943	  0.0028	  nan	  0	  7.9983e+06	  0.0027	  0.005	  1	  1.2765e-05	  25.5	  nan	  8.8824	  20	  nan	  3	  0.21173	  0.0097	  15.258	  1.2e-06	  0.30931	  0.005	  22940	  nan	  0	  3278.9	  95	  nan	  nan	  550	  3.6838e+18	  0.0135	  27.215	  750	 
29221	  nan	  0.0036	  0.0675	  0.10186	  0.005	  35.252	  0.27216	  0.007	  38562	  13.528	  0.0099	  0.008683	  0.0028	  nan	  0	  5.9845e+06	  0.0027	  0.005	  1	  5.6583e-06	  25.4	  nan	  9.9835	  20	  nan	  3	  0.20605	  0.0097	  8.6787	  1.2e-06	  0.31063	  0.005	  33696	  nan	  0	  3862.6	  90	  nan	  nan	  650	  2.0953e+18	  0.0135	  29.161	  750	 
29222	  nan	  0.0036	  0.0675	  0.25154	  0.005	  18.607	  0.57972	  0.013	  9592.8	  11.816	  0.00546	  0.016004	  0.0028	  nan	  0	  5.4712e+06	  0.0027	  0.005	  1	  1.3356e-05	  25.5	  nan	  8.9764	  20	  nan	  3	  0.28347	  0.0097	  11.181	  1.2e-06	  0.31054	  0.005	  7825.6	  nan	  0	  1068.7	  94	  nan	  nan	  450	  2.6994e+18	  0.0135	  18.383	  750	 
29223	  nan	  0.0036	  0.0675	  0.23313	  0.005	  26.411	  0.57972	  0.013	  22686	  12.729	  0.00842	  0.015071	  0.0028	  nan	  0	  8.1712e+06	  0.0027	  0.005	  1	  8.5038e-06	  25.4	  nan	  10.01	  20	  nan	  3	  0.28014	  0.0097	  10.968	  1.2e-06	  0.30566	  0.005	  18553	  nan	  0	  2266.3	  97	  nan	  nan	  550	  2.6481e+18	  0.0135	  23.888	  750	 
29224	  nan	  0.0036	  0.0675	  0.23263	  0.005	  34.758	  0.56652	  0.013	  31873	  14.166	  0.00986	  0.014921	  0.0028	  nan	  0	  8.6655e+06	  0.0027	  0.005	  1	  7.9556e-06	  25.4	  nan	  9.7217	  20	  nan	  3	  0.28504	  0.0097	  11.053	  1.2e-06	  0.30856	  0.005	  29800	  nan	  0	  3278.5	  97	  nan	  nan	  650	  2.6685e+18	  0.0135	  27.397	  750	 
29225	  nan	  0.0036	  0.0675	  0.20906	  0.005	  16.624	  0.56652	  0.01	  6754	  11.393	  0.00486	  0.01317	  0.0028	  nan	  0	  5.2184e+06	  0.0027	  0.005	  1	  1.5227e-05	  25.4	  nan	  8.7549	  20	  nan	  3	  0.2527	  0.0097	  10.968	  1.2e-06	  0.31928	  0.005	  6108.9	  nan	  0	  771.46	  94	  nan	  nan	  450	  2.6481e+18	  0.0135	  16.634	  750	 
29226	  nan	  0.0036	  0.0675	  0.18106	  0.005	  35.757	  0.56652	  0.01	  23945	  12.622	  0.00946	  0.012021	  0.0028	  nan	  0	  7.4129e+06	  0.0027	  0.005	  1	  1.029e-05	  25.3	  nan	  8.5602	  20	  nan	  3	  0.25747	  0.0097	  10.968	  1.2e-06	  0.31226	  0.005	  21503	  nan	  0	  2797.3	  96	  nan	  nan	  550	  2.6481e+18	  0.0135	  27.159	  750	 
29227	  nan	  0.0036	  0.0675	  0.1793	  0.005	  37.666	  0.57972	  0.01	  24133	  12.582	  0.01066	  0.012021	  0.0028	  nan	  0	  1.067e+07	  0.0027	  0.005	  1	  1.0504e-05	  25.3	  nan	  8.4125	  20	  nan	  3	  0.26052	  0.0097	  10.968	  1.2e-06	  0.30863	  0.005	  22320	  nan	  0	  2868.7	  96	  nan	  nan	  550	  2.6481e+18	  0.0135	  25.497	  750	 
29228	  nan	  0.0036	  0.0675	  0.18399	  0.005	  42.203	  0.57972	  0.0105	  23844	  12.165	  0.01074	  0.01275	  0.0028	  nan	  0	  1.1118e+07	  0.0027	  0.005	  1	  6.6503e-06	  25.3	  nan	  7.3718	  16	  nan	  3	  0.25546	  0.0097	  5.7999	  1.2e-06	  0.29303	  0.005	  20074	  nan	  0	  3234.5	  89	  nan	  nan	  500	  1.4003e+18	  0.0135	  28.789	  700	 
29229	  nan	  0.0036	  0.0675	  0.17626	  0.005	  41.063	  0.58419	  0.01	  34884	  14.435	  0.01018	  0.011872	  0.0028	  nan	  0	  7.1856e+06	  0.0027	  0.005	  1	  9.2809e-06	  25.1	  nan	  9.2047	  20	  nan	  3	  0.25657	  0.0097	  12.354	  1.2e-06	  0.30925	  0.005	  33446	  nan	  0	  3789.8	  96	  nan	  nan	  650	  2.9827e+18	  0.0135	  29.489	  750	 
29230	  nan	  0.0036	  0.0675	  0.21281	  0.005	  37.556	  0.57089	  0.0105	  19858	  12.004	  0.00982	  0.012799	  0.0028	  nan	  0	  9.4369e+06	  0.0027	  0.005	  1	  9.727e-06	  25.1	  nan	  8.0096	  16	  nan	  3	  0.28987	  0.0097	  8.915	  1.2e-06	  0.33612	  0.005	  17242	  nan	  0	  2479.3	  95	  nan	  nan	  500	  2.1524e+18	  0.0135	  25.158	  800	 
29231	  nan	  0.0036	  0.0675	  0.23181	  0.005	  36.965	  0.56652	  0.0105	  18951	  11.736	  0.01066	  0.012773	  0.0028	  nan	  0	  9.001e+06	  0.0027	  0.005	  1	  9.9925e-06	  25	  nan	  8.2446	  16	  nan	  3	  0.32099	  0.0097	  9.3712	  1.2e-06	  0.36866	  0.005	  16897	  nan	  0	  2298.6	  95	  nan	  nan	  500	  2.2625e+18	  0.0135	  21.33	  900	 
29232	  nan	  0.0036	  0.0675	  0.2734	  0.005	  34.489	  0.57308	  0.0105	  18565	  13.059	  0.0101	  0.013468	  0.0028	  nan	  0	  7.7972e+06	  0.0027	  0.005	  1	  8.7383e-06	  25.1	  nan	  8.1909	  16	  nan	  3	  0.36049	  0.0097	  8.0683	  1.2e-06	  0.40579	  0.005	  17494	  nan	  0	  2266.5	  95	  nan	  nan	  500	  1.9479e+18	  0.0135	  20.71	  1000	 
29233	  nan	  0.0036	  0.0675	  0.30007	  0.005	  30.958	  0.57089	  0.0105	  14542	  12.803	  0.01014	  0.013511	  0.0028	  nan	  0	  7.1141e+06	  0.0027	  0.005	  1	  1.1178e-05	  25.1	  nan	  8.3588	  16	  nan	  3	  0.39526	  0.0097	  9.7753	  1.2e-06	  0.44332	  0.005	  14990	  nan	  0	  1739.8	  96	  nan	  nan	  500	  2.3601e+18	  0.0135	  18.498	  1100	 
29234	  nan	  0.0036	  0.0675	  0.3271	  0.005	  28.274	  0.56219	  0.0105	  12783	  12.609	  0.00882	  0.013723	  0.0028	  nan	  0	  6.985e+06	  0.0027	  0.005	  1	  1.0916e-05	  25	  nan	  8.3923	  16	  nan	  3	  0.41987	  0.0097	  9.193	  1.2e-06	  0.47534	  0.005	  12780	  nan	  0	  1523.2	  96	  nan	  nan	  500	  2.2195e+18	  0.0135	  18.098	  1200	 
29235	  nan	  0.0036	  0.0675	  0.15633	  0.005	  38.3	  0.56219	  0.0065	  22077	  12.058	  0.01122	  0.008714	  0.0028	  nan	  0	  6.5325e+06	  0.0027	  0.005	  1	  9.0775e-06	  25.1	  nan	  8.4796	  16	  nan	  3	  0.33094	  0.0097	  9.2995	  1.2e-06	  0.47498	  0.005	  19414	  nan	  0	  2603.6	  95	  nan	  nan	  500	  2.2452e+18	  0.0135	  20.551	  1200	 
29236	  nan	  0.0036	  0.0675	  0.1792	  0.005	  26.236	  0.56652	  0.01	  15599	  12.219	  0.00706	  0.012539	  0.0028	  nan	  0	  7.9931e+06	  0.0027	  0.005	  1	  1.2536e-05	  25	  nan	  8.8556	  20	  nan	  3	  0.23383	  0.0097	  12.119	  1.2e-06	  0.29049	  0.005	  12507	  nan	  0	  1761.5	  95	  nan	  nan	  500	  2.926e+18	  0.0135	  23.446	  700	 
29237	  nan	  0.0036	  0.0675	  0.17322	  0.005	  36.142	  0.56652	  0.01	  18404	  11.87	  0.00934	  0.012236	  0.0028	  nan	  0	  1.4982e+07	  0.0027	  0.005	  1	  1.2471e-05	  24.8	  nan	  8.0298	  20	  nan	  3	  0.24161	  0.0097	  11.181	  1.2e-06	  0.29034	  0.005	  15144	  nan	  0	  2292	  95	  nan	  nan	  500	  2.6994e+18	  0.0135	  27.189	  700	 
29238	  nan	  0.0036	  0.0675	  0.17424	  0.005	  16.969	  0.56652	  0.01	  11630	  12.186	  0.0061	  0.012405	  0.0028	  nan	  0	  5.8977e+06	  0.0027	  0.005	  1	  1.6469e-05	  24.8	  nan	  10.507	  40	  nan	  3	  0.22387	  0.0097	  18.135	  1.2e-06	  0.28687	  0.005	  9429.8	  nan	  0	  1106.9	  95	  nan	  nan	  500	  4.3784e+18	  0.0135	  19.524	  700	 
29239	  nan	  0.0036	  0.0675	  nan	  0.005	  nan	  0.55362	  0.01	  nan	  nan	  nan	  nan	  0.0028	  nan	  0	  3.6711e+06	  0.0027	  0.005	  0	  nan	  24.8	  nan	  nan	  40	  nan	  3	  nan	  0.0097	  116.68	  1.2e-06	  0.29528	  0.005	  nan	  nan	  0	  nan	  1	  nan	  nan	  500	  nan	  0.0135	  13.831	  700	 
29240	  nan	  0.0036	  0.0675	  0.17933	  0.005	  21.18	  101.24	  0.01	  14481	  12.206	  0.00666	  0.012535	  0.0028	  nan	  0	  6.3422e+06	  0.0027	  0.005	  1	  1.2762e-05	  24.6	  nan	  9.621	  60	  nan	  3	  0.2318	  0.0097	  13.443	  1.2e-06	  0.2911	  0.005	  11363	  nan	  0	  1505.2	  96	  nan	  nan	  500	  3.2455e+18	  0.0135	  21.417	  700	 
29241	  nan	  0.0036	  0.0675	  nan	  0.005	  nan	  0.53482	  0.01	  nan	  nan	  nan	  nan	  0.0028	  nan	  0	  3.5481e+06	  0.0027	  0.005	  0	  nan	  24.5	  nan	  nan	  60	  nan	  3	  nan	  0.0097	  155.61	  1.2e-06	  0.2908	  0.005	  nan	  nan	  0	  nan	  0	  nan	  nan	  500	  nan	  0.0135	  13.354	  700	 
29242	  nan	  0.0036	  0.0675	  0.17071	  0.005	  40.602	  93.755	  0.01	  23073	  11.836	  0.0103	  0.012149	  0.0028	  nan	  0	  1.2608e+07	  0.0027	  0.005	  1	  7.5574e-06	  24.6	  nan	  7.2778	  10	  nan	  3	  0.24382	  0.0097	  6.4086	  1.2e-06	  0.28908	  0.005	  19128	  nan	  0	  3170.3	  91	  nan	  nan	  500	  1.5472e+18	  0.0135	  30.398	  700	 
29243	  nan	  0.0036	  0.0675	  0.18028	  0.005	  44.088	  0.53278	  0.01	  21157	  12.051	  0.01018	  0.012445	  0.0028	  nan	  0	  1.0502e+07	  0.0027	  0.005	  1	  7.4802e-06	  24.3	  nan	  6.8549	  10	  nan	  3	  0.25252	  0.0097	  5.6896	  1.2e-06	  0.29595	  0.005	  18173	  nan	  0	  3086.4	  88	  nan	  nan	  500	  1.3737e+18	  0.0135	  29.22	  700	 
29244	  nan	  0.0036	  0.0675	  0.17956	  0.005	  31.248	  0.53895	  0.01	  16796	  12.387	  0.0081	  0.012497	  0.0028	  nan	  0	  1.4895e+07	  0.0027	  0.005	  1	  1.3657e-05	  24.4	  nan	  8.8623	  30	  nan	  3	  0.24069	  0.0097	  13.546	  1.2e-06	  0.29264	  0.005	  13810	  nan	  0	  1895.2	  96	  nan	  nan	  500	  3.2706e+18	  0.0135	  25.125	  700	 
29245	  nan	  0.0036	  0.0675	  0.17701	  0.005	  21.993	  0.5431	  0.01	  14199	  11.957	  0.00682	  0.012382	  0.0028	  nan	  0	  7.0688e+06	  0.0027	  0.005	  1	  1.4193e-05	  24.3	  nan	  9.5941	  30	  nan	  3	  0.2325	  0.0097	  14.797	  1.2e-06	  0.292	  0.005	  11225	  nan	  0	  1479.9	  96	  nan	  nan	  500	  3.5724e+18	  0.0135	  21.565	  700	 
29246	  nan	  0.0036	  0.0675	  nan	  0.005	  nan	  0.53895	  0.015	  nan	  nan	  nan	  nan	  0.0028	  nan	  0	  9.4327e+06	  0.0027	  0.005	  0	  nan	  24.3	  nan	  nan	  20	  nan	  3	  nan	  0.0097	  10.719	  1.2e-06	  0.36157	  0.005	  nan	  nan	  0	  nan	  90	  nan	  nan	  400	  nan	  0.0135	  11.299	  900	 
29247	  nan	  0.0036	  0.0675	  0.32188	  0.005	  18.391	  0.53895	  0.015	  8014.2	  11.722	  0.00542	  0.017969	  0.0028	  nan	  0	  7.3009e+06	  0.0027	  0.005	  1	  1.3641e-05	  24.2	  nan	  9.057	  20	  nan	  3	  0.34718	  0.0097	  10.884	  1.2e-06	  0.3613	  0.005	  7179.8	  nan	  0	  884.87	  94	  nan	  nan	  450	  2.6278e+18	  0.0135	  17.53	  900	 
29248	  nan	  0.0036	  0.0675	  0.31412	  0.005	  51.813	  0.55362	  0.015	  29491	  13.71	  0.01094	  0.017093	  0.0028	  nan	  0	  7.4874e+06	  0.0027	  0.005	  1	  5.3368e-06	  24.2	  nan	  8.2446	  10	  nan	  3	  0.35388	  0.0097	  5.7999	  1.2e-06	  0.36677	  0.005	  28127	  nan	  0	  3577	  91	  nan	  nan	  600	  1.4003e+18	  0.0135	  26.081	  900	 
29249	  nan	  0.0036	  0.0675	  0.30552	  0.005	  47.461	  0.5515	  0.015	  25968	  13.139	  0.01046	  0.016887	  0.0028	  nan	  0	  8.3303e+06	  0.0027	  0.005	  1	  8.8872e-06	  24.3	  nan	  8.6877	  14	  nan	  3	  0.34697	  0.0097	  9.9265	  1.2e-06	  0.36031	  0.005	  25504	  nan	  0	  2989	  97	  nan	  nan	  600	  2.3966e+18	  0.0135	  27.242	  900	 
29250	  nan	  0.0036	  0.0675	  0.31951	  0.005	  43.159	  0.55362	  0.015	  23949	  13.79	  0.01082	  0.01721	  0.0028	  nan	  0	  1.0201e+07	  0.0027	  0.005	  1	  9.8676e-06	  24.2	  nan	  9.1174	  24	  nan	  3	  0.35832	  0.0097	  11.441	  1.2e-06	  0.371	  0.005	  23356	  nan	  0	  2626.7	  98	  nan	  nan	  600	  2.7623e+18	  0.0135	  23.767	  900	 
29251	  nan	  0.0036	  0.0675	  0.31885	  0.005	  23.875	  0.55362	  0.015	  19343	  14.099	  0.00694	  0.017437	  0.0028	  nan	  0	  1.0645e+07	  0.0027	  0.005	  1	  1.1187e-05	  24	  nan	  11.085	  30	  nan	  3	  0.35146	  0.0097	  15.674	  1.2e-06	  0.36635	  0.005	  16013	  nan	  0	  1745	  98	  nan	  nan	  600	  3.7841e+18	  0.0135	  23.539	  900	 
29252	  nan	  0.0036	  0.0675	  0.16979	  0.005	  41.963	  0.53895	  0.01	  26368	  12.488	  0.01026	  0.011961	  0.0028	  nan	  0	  1.5185e+07	  0.0027	  0.005	  1	  1.1156e-05	  24.1	  nan	  7.7747	  20	  nan	  3	  0.24598	  0.0097	  10.801	  1.2e-06	  0.29407	  0.005	  21824	  nan	  0	  3391.6	  96	  nan	  nan	  550	  2.6078e+18	  0.0135	  32.002	  700	 
29253	  nan	  0.0036	  0.0675	  0.17113	  0.005	  43.436	  0.54729	  0.01	  29503	  13.596	  0.01014	  0.011996	  0.0028	  nan	  0	  9.6348e+06	  0.0027	  0.005	  1	  1.0849e-05	  24.2	  nan	  8.2715	  20	  nan	  3	  0.24639	  0.0097	  11.844	  1.2e-06	  0.29541	  0.005	  26901	  nan	  0	  3566.9	  96	  nan	  nan	  600	  2.8594e+18	  0.0135	  30.998	  700	 
29254	  nan	  0.0036	  0.0675	  0.16699	  0.005	  44.132	  0.54939	  0.01	  34453	  13.824	  0.01034	  0.011776	  0.0028	  nan	  0	  7.6424e+06	  0.0027	  0.005	  1	  9.5678e-06	  24.2	  nan	  8.5938	  20	  nan	  3	  0.24524	  0.0097	  11.574	  1.2e-06	  0.29572	  0.005	  32913	  nan	  0	  4009.1	  95	  nan	  nan	  650	  2.7943e+18	  0.0135	  31.569	  700	 
29255	  nan	  0.0036	  0.0675	  0.16224	  0.005	  43.627	  0.5431	  0.01	  41262	  14.502	  0.01022	  0.011705	  0.0028	  nan	  0	  7.0026e+06	  0.0027	  0.005	  1	  7.491e-06	  24.2	  nan	  9.48	  20	  nan	  3	  0.23893	  0.0097	  10.968	  1.2e-06	  0.28993	  0.005	  38236	  nan	  0	  4352.5	  93	  nan	  nan	  700	  2.6481e+18	  0.0135	  31.891	  700	 
29256	  nan	  0.0036	  0.0675	  0.19679	  0.005	  46.04	  0.54939	  0.01	  20712	  12.575	  0.01026	  0.012503	  0.0028	  nan	  0	  1.3943e+07	  0.0027	  0.005	  1	  1.1034e-05	  24.2	  nan	  7.3785	  20	  nan	  3	  0.27531	  0.0097	  9.193	  1.2e-06	  0.32191	  0.005	  17837	  nan	  0	  2807.1	  95	  nan	  nan	  500	  2.2195e+18	  0.0135	  29.334	  800	 
29257	  nan	  0.0036	  0.0675	  0.22286	  0.005	  40.359	  0.5431	  0.01	  18475	  12.132	  0.01038	  0.012409	  0.0028	  nan	  0	  1.1632e+07	  0.0027	  0.005	  1	  1.2326e-05	  24.2	  nan	  8.0231	  20	  nan	  3	  0.31493	  0.0097	  11.053	  1.2e-06	  0.36788	  0.005	  16148	  nan	  0	  2302.8	  96	  nan	  nan	  500	  2.6685e+18	  0.0135	  24.436	  900	 
29258	  nan	  0.0036	  0.0675	  0.23234	  0.005	  29.16	  0.53895	  0.01	  13674	  12.434	  0.00814	  0.012974	  0.0028	  nan	  0	  1.1774e+07	  0.0027	  0.005	  1	  1.253e-05	  24.1	  nan	  8.446	  20	  nan	  3	  0.30524	  0.0097	  10.884	  1.2e-06	  0.36155	  0.005	  12386	  nan	  0	  1619	  96	  nan	  nan	  500	  2.6278e+18	  0.0135	  21.686	  900	 
29259	  nan	  0.0036	  0.0675	  0.22573	  0.005	  45.964	  0.54729	  0.01	  20262	  12.354	  0.0109	  0.012534	  0.0028	  nan	  0	  1.2272e+07	  0.0027	  0.005	  1	  1.0242e-05	  24	  nan	  7.3853	  20	  nan	  3	  0.31792	  0.0097	  8.4811	  1.2e-06	  0.36721	  0.005	  17850	  nan	  0	  2743.6	  95	  nan	  nan	  500	  2.0476e+18	  0.0135	  25.801	  900	 
29260	  nan	  0.0036	  0.0675	  0.21907	  0.005	  40.907	  0.5431	  0.01	  17693	  12.058	  0.01002	  0.012389	  0.0028	  nan	  0	  1.3220e+07	  0.0027	  0.005	  1	  1.2505e-05	  24	  nan	  8.0231	  20	  nan	  3	  0.30794	  0.0097	  11.053	  1.2e-06	  0.36262	  0.005	  15234	  nan	  0	  2205.2	  96	  nan	  nan	  500	  2.6685e+18	  0.0135	  26.014	  900	 
29261	  nan	  0.0036	  0.0675	  0.24844	  0.005	  36.997	  0.54729	  0.01	  17034	  12.676	  0.00954	  0.01265	  0.0028	  nan	  0	  1.1384e+07	  0.0027	  0.005	  1	  1.1584e-05	  23.9	  nan	  8.4796	  20	  nan	  3	  0.33998	  0.0097	  10.884	  1.2e-06	  0.39909	  0.005	  15748	  nan	  0	  2008.8	  96	  nan	  nan	  500	  2.6278e+18	  0.0135	  21.925	  1000	 
29262	  nan	  0.0036	  0.0675	  0.28356	  0.005	  31.641	  0.53688	  0.01	  13509	  12.495	  0.00934	  0.013044	  0.0028	  nan	  0	  9.2326e+06	  0.0027	  0.005	  1	  1.2426e-05	  23.8	  nan	  8.3789	  20	  nan	  3	  0.37906	  0.0097	  10.637	  1.2e-06	  0.43803	  0.005	  13117	  nan	  0	  1612.3	  96	  nan	  nan	  500	  2.568e+18	  0.0135	  19.329	  1100	 
29263	  nan	  0.0036	  0.0675	  0.17389	  0.005	  47.028	  0.53895	  0.01	  22731	  11.877	  0.01082	  0.012172	  0.0028	  nan	  0	  1.1317e+07	  0.0027	  0.005	  1	  8.5721e-06	  23.7	  nan	  6.5326	  10	  nan	  3	  0.24981	  0.0097	  6.2626	  1.2e-06	  0.29353	  0.005	  19618	  nan	  0	  3479.6	  91	  nan	  nan	  500	  1.512e+18	  0.0135	  31.144	  700	 
29264	  nan	  0.0036	  0.0675	  0.18387	  0.005	  46.076	  0.53895	  0.01	  19426	  11.977	  0.01002	  0.012391	  0.0028	  nan	  0	  1.7372e+07	  0.0027	  0.005	  1	  1.2292e-05	  23.8	  nan	  6.875	  16	  nan	  3	  0.25769	  0.0097	  9.1227	  1.2e-06	  0.303	  0.005	  15922	  nan	  0	  2825.6	  95	  nan	  nan	  500	  2.2025e+18	  0.0135	  30.931	  700	 
29265	  nan	  0.0036	  0.0675	  0.17661	  0.005	  36.546	  0.53895	  0.01	  15161	  11.863	  0.0085	  0.012526	  0.0028	  nan	  0	  1.9753e+07	  0.0027	  0.005	  1	  1.4454e-05	  23.6	  nan	  7.9694	  22	  nan	  3	  0.23897	  0.0097	  12.027	  1.2e-06	  0.28688	  0.005	  12308	  nan	  0	  1902.4	  95	  nan	  nan	  500	  2.9036e+18	  0.0135	  26.361	  700	 
29266	  nan	  0.0036	  0.0675	  0.18218	  0.005	  19.857	  0.53482	  0.01	  10025	  12.165	  0.00578	  0.012894	  0.0028	  nan	  0	  6.2459e+06	  0.0027	  0.005	  1	  1.5961e-05	  23.5	  nan	  9.3121	  28	  nan	  3	  0.22726	  0.0097	  14.24	  1.2e-06	  0.28525	  0.005	  8472.7	  nan	  0	  1076.6	  96	  nan	  nan	  500	  3.4379e+18	  0.0135	  19.47	  700	 
29267	  nan	  0.0036	  0.0675	  0.17657	  0.005	  38.852	  0.53073	  0.01	  15863	  11.87	  0.0089	  0.012583	  0.0028	  nan	  0	  1.8973e+07	  0.0027	  0.005	  1	  2.417e-05	  23.4	  nan	  7.5262	  34	  nan	  3	  0.2396	  0.0097	  18.917	  1.2e-06	  0.28576	  0.005	  12931	  nan	  0	  2107.7	  95	  nan	  nan	  500	  4.5672e+18	  0.0135	  27.444	  700	 
29268	  nan	  0.0036	  0.0675	  0.17395	  0.005	  47.147	  0.2137	  0.01	  21614	  12.018	  0.0103	  0.012214	  0.0028	  nan	  0	  1.417e+07	  0.0027	  0.005	  1	  2.0771e-05	  23.5	  nan	  6.9757	  34	  nan	  3	  0.24793	  0.0097	  16.287	  1.2e-06	  0.29318	  0.005	  18120	  nan	  0	  3098.4	  96	  nan	  nan	  500	  3.9322e+18	  0.0135	  30.898	  700	 
29269	  nan	  0.0036	  0.0675	  0.16845	  0.005	  51.539	  0.16651	  0.01	  22039	  12.374	  0.01002	  0.012279	  0.0028	  nan	  0	  8.8266e+06	  0.0027	  0.005	  1	  1.8867e-05	  23.5	  nan	  6.7072	  40	  nan	  3	  0.23814	  0.0097	  14.131	  1.2e-06	  0.28261	  0.005	  19526	  nan	  0	  3285.9	  96	  nan	  nan	  500	  3.4116e+18	  0.0135	  30.915	  700	 
29270	  nan	  0.0036	  0.0675	  0.16903	  0.005	  50.819	  0.19715	  0.01	  27683	  12.582	  0.01134	  0.012025	  0.0028	  nan	  0	  7.893e+06	  0.0027	  0.005	  1	  1.4772e-05	  23.5	  nan	  6.9019	  40	  nan	  3	  0.2486	  0.0097	  12.402	  1.2e-06	  0.29183	  0.005	  24759	  nan	  0	  4011	  96	  nan	  nan	  550	  2.9942e+18	  0.0135	  31.821	  700	 
29271	  nan	  0.0036	  0.0675	  0.17041	  0.005	  51.806	  0.20097	  0.01	  30985	  13.542	  0.01074	  0.01195	  0.0028	  nan	  0	  8.8535e+06	  0.0027	  0.005	  1	  1.1674e-05	  23.6	  nan	  7.2174	  40	  nan	  3	  0.24893	  0.0097	  10.801	  1.2e-06	  0.29581	  0.005	  31333	  nan	  0	  4293	  96	  nan	  nan	  600	  2.6078e+18	  0.0135	  31.748	  700	 
29272	  nan	  0.0036	  0.0675	  0.165	  0.005	  49.033	  0.20097	  0.01	  36743	  13.696	  0.01126	  0.011745	  0.0028	  nan	  0	  9.5459e+06	  0.0027	  0.005	  1	  8.2668e-06	  23.6	  nan	  7.8485	  40	  nan	  3	  0.24777	  0.0097	  9.053	  1.2e-06	  0.2943	  0.005	  36225	  nan	  0	  4681.5	  94	  nan	  nan	  650	  2.1857e+18	  0.0135	  32.236	  700	 
29273	  nan	  0.0036	  0.0675	  0.16447	  0.005	  48.389	  0.20174	  0.01	  44215	  15.113	  0.01098	  0.011799	  0.0028	  nan	  0	  9.7013e+06	  0.0027	  0.005	  1	  6.1775e-06	  23.6	  nan	  8.7012	  40	  nan	  3	  0.24502	  0.0097	  8.2562	  1.2e-06	  0.29202	  0.005	  42611	  nan	  0	  5081.4	  89	  nan	  nan	  700	  1.9933e+18	  0.0135	  33.45	  700	 
